请输入魔板初始状态:
请输入魔板最终状态:
需要22步.
是否打印路径?(y/n)
2 6 4 
1 3 7 
5 0 8 
--.--
2 6 4 
1 3 7 
5 8 0 
--.--
2 6 4 
1 3 0 
5 8 7 
--.--
2 6 0 
1 3 4 
5 8 7 
--.--
2 0 6 
1 3 4 
5 8 7 
--.--
2 3 6 
1 0 4 
5 8 7 
--.--
2 3 6 
1 4 0 
5 8 7 
--.--
2 3 6 
1 4 7 
5 8 0 
--.--
2 3 6 
1 4 7 
5 0 8 
--.--
2 3 6 
1 0 7 
5 4 8 
--.--
2 3 6 
1 7 0 
5 4 8 
--.--
2 3 0 
1 7 6 
5 4 8 
--.--
2 0 3 
1 7 6 
5 4 8 
--.--
0 2 3 
1 7 6 
5 4 8 
--.--
1 2 3 
0 7 6 
5 4 8 
--.--
1 2 3 
7 0 6 
5 4 8 
--.--
1 2 3 
7 4 6 
5 0 8 
--.--
1 2 3 
7 4 6 
0 5 8 
--.--
1 2 3 
0 4 6 
7 5 8 
--.--
1 2 3 
4 0 6 
7 5 8 
--.--
1 2 3 
4 5 6 
7 0 8 
--.--
1 2 3 
4 5 6 
7 8 0 
--.--
